1.789944346005991888774733e-05
8   6
-8.576232221296910263053093e-02   -1.192705847323612400323611e-01   3.672829069453302786030235e-01
-1.192687841379094920712944e-01   -1.341843405981517634018019e-01   3.776031247360611686758602e-01
-1.210985235388645359089210e-01   -1.282437592253703462219505e-01   3.802472827642348063292843e-01
-8.759634031118397612392101e-02   -1.133161117916175603115292e-01   3.699332481227019520098054e-01
-1.698821682906169194815504e-01   -6.106022244291049727582532e-02   1.782923907335274005259151e-01
-2.033886302155573089223140e-01   -7.597397830870102064526606e-02   1.886126085242583183543275e-01
-2.052183696165123527599405e-01   -7.003339693591958958762689e-02   1.912567665524319282521759e-01
-1.717161863888317929749405e-01   -5.510574950216682449388728e-02   1.809427319108991016882726e-01
2.708718580244335316642434e-01   -8.794346961926610140025673e-01   -3.914371618317723511282225e-01   0.000000000000000000000000e+00   7.062273989231912518782508e-02   0.000000000000000000000000e+00
-8.794346961926609029802648e-01   -3.914371618317726841951298e-01   2.708718580244328655304287e-01   -2.952986793755008054773725e-01   0.000000000000000000000000e+00   0.000000000000000000000000e+00
-2.712364427962969393171022e-01   8.792723332439844607932855e-01   3.915494299458123772517126e-01   0.000000000000000000000000e+00   7.844071461320058225030749e-02   0.000000000000000000000000e+00
8.794346961926621242255919e-01   3.914371618317691314814510e-01   -2.708718580244345308649656e-01   -2.519753943550820385333111e-01   0.000000000000000000000000e+00   0.000000000000000000000000e+00
3.914371618317716849944077e-01   -2.708718580244292017944474e-01   8.794346961926624572924993e-01   0.000000000000000000000000e+00   0.000000000000000000000000e+00   3.658461713804249115788991e-01
-3.914371618317718515278614e-01   2.708718580244319218408577e-01   -8.794346961926615691140796e-01   0.000000000000000000000000e+00   0.000000000000000000000000e+00   1.214846503597435123378290e-01
8   6
-2.551768809150939953944714e-01   3.761703464984070266474703e-03   1.983513983391742008244307e-01
-1.904056775887116303991320e-01   -4.105952942304763597647366e-02   3.438716735547044933696270e-01
-2.559684130388772960174038e-01   -1.969615789969478836241024e-01   3.250348152603064755261641e-01
-3.207396163652596055015920e-01   -1.521403461089161635033662e-01   1.795145400447761552253922e-01
-1.129688345067034471735923e-01   -4.652299451860493484378622e-02   1.195664425616255466255922e-01
-4.819763118032107523935892e-02   -9.134422740663661333115897e-02   2.650867177771558114152128e-01
-1.137603666304867477965246e-01   -2.472462769805368887343633e-01   2.462498594827578213273256e-01
-1.785315699568690850362884e-01   -2.024250440925051686136271e-01   1.007295842672275287821293e-01
-8.356689679147887295229680e-01   2.954921520064793805104841e-01   4.629705867188663725997344e-01   -2.551768809150939953944714e-01   3.761703464984070266474703e-03   1.983513983391742008244307e-01
-3.852717539623325970765677e-01   -9.161401773926023395233642e-01   -1.106925967074535166467797e-01   -2.559684130388772960174038e-01   -1.969615789969478836241024e-01   3.250348152603064755261641e-01
-3.914371618319087420267977e-01   2.708718580244731666262226e-01   -8.794346961925881833721519e-01   -2.551768809150939953944714e-01   3.761703464984070266474703e-03   1.983513983391742008244307e-01
3.852717539623325415654165e-01   9.161401773926024505456667e-01   1.106925967074533501133260e-01   -2.551768809150939953944714e-01   3.761703464984070266474703e-03   1.983513983391742008244307e-01
3.914371618319088530491001e-01   -2.708718580244731666262226e-01   8.794346961925880723498494e-01   -1.904056775887116303991320e-01   -4.105952942304763597647366e-02   3.438716735547044933696270e-01
8.356689679147886185006655e-01   -2.954921520064796025550891e-01   -4.629705867188663725997344e-01   -1.129688345067034471735923e-01   -4.652299451860493484378622e-02   1.195664425616255466255922e-01
