1.788353665315111474349782e-05
8   6
2.515888272465356956253402e-01   3.088471054630655132644534e-02   2.633764622071577132800257e-01
2.850952891714760850661037e-01   4.579846641209707469588608e-02   2.530562444164268232071890e-01
2.833752528730208997131967e-01   5.138287673292046831008406e-02   2.555418703940585678502373e-01
2.498645122508207083722453e-01   3.648301243509220748162392e-02   2.658682713339875491875830e-01
3.396621886586844718536327e-01   -3.006145750919095305242479e-02   4.612492688505064886150819e-01
3.731686505836248057832449e-01   -1.514770164340042968298405e-02   4.509290510597755430310940e-01
3.714486142851696759414892e-01   -9.563291322577036068786072e-03   4.534146770374073431852935e-01
3.379378736629694568449622e-01   -2.446315562040529689724622e-02   4.637410779773363245226392e-01
2.708718580244335871753947e-01   -8.794346961926611250248698e-01   -3.914371618317722956170712e-01   2.515888272465356956253402e-01   3.088471054630655132644534e-02   2.633764622071577132800257e-01
8.794346961926597927572402e-01   3.914371618317762369088086e-01   -2.708718580244316442851016e-01   2.850952891714760850661037e-01   4.579846641209707469588608e-02   2.530562444164268232071890e-01
-2.705072266929716140460016e-01   8.795969079771436271997231e-01   3.913248264344155180616269e-01   2.833752528730208997131967e-01   5.138287673292046831008406e-02   2.555418703940585678502373e-01
-8.794346961926614580917771e-01   -3.914371618317710188605929e-01   2.708718580244339757534533e-01   2.498645122508207083722453e-01   3.648301243509220748162392e-02   2.658682713339875491875830e-01
-3.914371618317717960167101e-01   2.708718580244323659300676e-01   -8.794346961926616801363821e-01   2.515888272465356956253402e-01   3.088471054630655132644534e-02   2.633764622071577132800257e-01
3.914371618317755707749939e-01   -2.708718580244398599354838e-01   8.794346961926575723111910e-01   3.396621886586844718536327e-01   -3.006145750919095305242479e-02   4.612492688505064886150819e-01
8   6
1.378390620926098764087442e-01   2.065228309713773025002581e-01   2.269878876732949746219958e-01
1.864174645873966362774610e-01   1.729069063053534915930243e-01   3.361280940849427079086809e-01
1.372454129997724148193328e-01   5.598036912492833361287836e-02   3.220004503641441528927203e-01
8.866701050498566882840379e-02   8.959629379095208900896097e-02   2.128602439524964751171865e-01
2.444950968989028083910853e-01   1.688093074836855556064563e-01   1.678991708401335047895486e-01
2.930734993936895405042264e-01   1.351933828176617724547981e-01   2.770393772517812380762336e-01
2.439014478060653468016739e-01   1.826684563723657284128876e-02   2.629117335309826830602731e-01
1.953230453112785869329571e-01   5.188277030326034211515918e-02   1.537715271193350052847393e-01
3.852717539623325415654165e-01   9.161401773926024505456667e-01   1.106925967074536554246578e-01   1.378390620926098764087442e-01   2.065228309713773025002581e-01   2.269878876732949746219958e-01
-8.356689679147886185006655e-01   2.954921520064794915327866e-01   4.629705867188662060662807e-01   1.378390620926098764087442e-01   2.065228309713773025002581e-01   2.269878876732949746219958e-01
3.914371618319086310044952e-01   -2.708718580244733331596763e-01   8.794346961925880723498494e-01   1.864174645873966362774610e-01   1.729069063053534915930243e-01   3.361280940849427079086809e-01
-3.852717539623324860542652e-01   -9.161401773926024505456667e-01   -1.106925967074532946021748e-01   1.372454129997724148193328e-01   5.598036912492833361287836e-02   3.220004503641441528927203e-01
-3.914371618319086865156464e-01   2.708718580244728335593152e-01   -8.794346961925881833721519e-01   1.378390620926098764087442e-01   2.065228309713773025002581e-01   2.269878876732949746219958e-01
8.356689679147888405452704e-01   -2.954921520064796580662403e-01   -4.629705867188660395328270e-01   2.444950968989028083910853e-01   1.688093074836855556064563e-01   1.678991708401335047895486e-01

