1.788353665315111474349782e-05
8   6
-3.444567453455620043012431e-02   -9.010449942048676108541372e-02   3.534251739550429705083445e-01
-8.748663720868410376141355e-02   -1.136722828435755561216070e-01   3.697747160721601700217320e-01
-7.371778942652321142681160e-02   -1.583753485460872301171520e-01   3.498773419527099748371768e-01
-2.069892773981621414414178e-02   -1.347358102522643319431950e-01   3.335597379920805516384519e-01
5.362768687759254804259257e-02   -1.510506674759842515864960e-01   5.512979805983917458434007e-01
5.867242034646447113033219e-04   -1.746184508990730466226893e-01   5.676475227155090008679394e-01
1.435557198562553704590528e-02   -2.193215166015847206182343e-01   5.477501485960587501722330e-01
6.737443367233253432857509e-02   -1.956819783077618224442773e-01   5.314325446354293269735081e-01
-2.702768138243399342890427e-01   8.796993220324219597827664e-01   3.912538136870493121755032e-01   -3.444567453455620043012431e-02   -9.010449942048676108541372e-02   3.534251739550429705083445e-01
-8.794346961926611250248698e-01   -3.914371618317722956170712e-01   2.708718580244333651307898e-01   -8.748663720868410376141355e-02   -1.136722828435755561216070e-01   3.697747160721601700217320e-01
2.714667782407952922874017e-01   -8.791696678171917467281560e-01   -3.916203308074946987105136e-01   -7.371778942652321142681160e-02   -1.583753485460872301171520e-01   3.498773419527099748371768e-01
8.794346961926612360471722e-01   3.914371618317718515278614e-01   -2.708718580244334761530922e-01   -2.069892773981621414414178e-02   -1.347358102522643319431950e-01   3.335597379920805516384519e-01
-3.914371618317717960167101e-01   2.708718580244331430861848e-01   -8.794346961926613470694747e-01   -3.444567453455620043012431e-02   -9.010449942048676108541372e-02   3.534251739550429705083445e-01
3.914371618317730172620372e-01   -2.708718580244338092199996e-01   8.794346961926606809356599e-01   5.362768687759254804259257e-02   -1.510506674759842515864960e-01   5.512979805983917458434007e-01
8   6
-1.738171106952244027166188e-01   4.809680358591041787752474e-02   3.169100338980209152772716e-01
-1.252387082004376428479020e-01   1.448087891988662778697261e-02   4.260502403096686485639566e-01
-1.744107597880618643060302e-01   -1.024456582605385579487489e-01   4.119225965888701490591473e-01
-2.229891622828486519303226e-01   -6.882973359451477479709069e-02   3.027823901772224157724622e-01
-6.716107588893149848985331e-02   1.038328009821866404482904e-02   2.578213170648594454448244e-01
-1.858267339414472474334872e-02   -2.323264456780510869848833e-02   3.669615234765071232203582e-01
-6.775472498176894620147692e-02   -1.401591817482302770869751e-01   3.528338797557086237155488e-01
-1.163331274765556644368303e-01   -1.065432570822065216908925e-01   2.436936733440609459400150e-01
-8.356689679147885074783630e-01   2.954921520064798245996940e-01   4.629705867188662060662807e-01   -1.738171106952244027166188e-01   4.809680358591041787752474e-02   3.169100338980209152772716e-01
3.852717539623325415654165e-01   9.161401773926024505456667e-01   1.106925967074534611356285e-01   -1.738171106952244027166188e-01   4.809680358591041787752474e-02   3.169100338980209152772716e-01
3.914371618319090750937050e-01   -2.708718580244730556039201e-01   8.794346961925880723498494e-01   -1.252387082004376428479020e-01   1.448087891988662778697261e-02   4.260502403096686485639566e-01
-3.852717539623322640096603e-01   -9.161401773926026725902716e-01   -1.106925967074534195022650e-01   -1.744107597880618643060302e-01   -1.024456582605385579487489e-01   4.119225965888701490591473e-01
-3.914371618319086865156464e-01   2.708718580244730000927689e-01   -8.794346961925880723498494e-01   -1.738171106952244027166188e-01   4.809680358591041787752474e-02   3.169100338980209152772716e-01
8.356689679147888405452704e-01   -2.954921520064792694881817e-01   -4.629705867188664836220369e-01   -6.716107588893149848985331e-02   1.038328009821866404482904e-02   2.578213170648594454448244e-01

