A(8,8)
   0.0000000000000000        0.0000000000000000       0.19693034281954169       0.70597065938636661        0.0000000000000000       0.37858232436701655       0.47192330472171307       0.76139996573328972     
  0.21171907847747207       7.39296111278235912E-002   0.0000000000000000        0.0000000000000000        0.0000000000000000        0.0000000000000000        0.0000000000000000        0.0000000000000000     
  0.44860231317579746       0.94336947053670883       0.89286901615560055        0.0000000000000000       6.57393387518823147E-002   0.0000000000000000       0.33537696348503232       0.47909884760156274     
  0.59145097108557820        0.0000000000000000        0.0000000000000000        0.0000000000000000       0.53310041315853596       0.46195234358310699       0.55530697200447321        0.0000000000000000     
   0.0000000000000000        0.0000000000000000        0.0000000000000000       0.70181696489453316        0.0000000000000000       0.62873698258772492        0.0000000000000000       0.28169692959636450     
  0.68067426700145006       0.12863306934013963       0.46179189579561353        0.0000000000000000       3.31581872887909412E-002  0.28785153012722731       0.11960808141157031       0.23800977831706405     
   0.0000000000000000        0.0000000000000000       0.62512917164713144       0.40879997471347451       0.31578356493264437        0.0000000000000000        0.0000000000000000        0.0000000000000000     
   0.0000000000000000       0.20190807711333036        0.0000000000000000       6.36221384629607201E-002   0.0000000000000000       0.32920487364754081        0.0000000000000000       0.32942054606974125     

B(8,8)
  0.23067280324175954        0.0000000000000000       0.11053651524707675       0.40711227245628834        0.0000000000000000       0.75287136062979698       0.52727950783446431       0.48626806726679206     
  0.21362966019660234       0.54417965700849891       0.20233777537941933        0.0000000000000000       0.95498770754784346       5.17229796387255192E-002   0.0000000000000000        0.0000000000000000     
   0.0000000000000000        0.0000000000000000        0.0000000000000000       0.66919379355385900       5.87431206367909908E-002  0.59586250688880682       6.88945474103093147E-002  0.76715826056897640     
  0.40549980429932475       2.04747971147298813E-002  0.13046909729018807       0.20426016021519899       0.82584649138152599        0.0000000000000000       0.88430777518078685        0.0000000000000000     
   0.0000000000000000        0.0000000000000000        0.0000000000000000       0.83104313490912318       0.29807415651157498       0.38337053125724196       0.71912937611341476       8.80529810674488544E-002
  0.30953712016344070       0.89413649635389447       0.85739529784768820        0.0000000000000000       7.75759676471352577E-002   0.0000000000000000       6.94259577430784702E-002  0.70085612777620554     
  0.67629716033115983        0.0000000000000000        0.0000000000000000       1.22163295745849609E-002  0.58460923237726092       0.49002202786505222        0.0000000000000000        0.0000000000000000     
  0.97069163154810667       0.34903638903051615       0.63780163740739226       0.48844617092981935        0.0000000000000000        0.0000000000000000       0.11522095929831266       0.18791387928649783     

C(8,8)
   0.0000000000000000        0.0000000000000000        0.0000000000000000        0.0000000000000000        0.0000000000000000        0.0000000000000000        0.0000000000000000       0.21161167463287711     
   0.0000000000000000        0.0000000000000000        0.0000000000000000        0.0000000000000000        0.0000000000000000        0.0000000000000000       0.58558783913031220        0.0000000000000000     
  0.20178856328129768       0.17695645010098815       5.18476706929504871E-002   0.0000000000000000        0.0000000000000000        0.0000000000000000       0.37079446297138929       0.19032685272395611     
   0.0000000000000000        0.0000000000000000        0.0000000000000000        0.0000000000000000       0.72212355909869075        0.0000000000000000        0.0000000000000000        0.0000000000000000     
  0.40628212550655007        0.0000000000000000        0.0000000000000000        0.0000000000000000        0.0000000000000000        0.0000000000000000        0.0000000000000000        0.0000000000000000     
   0.0000000000000000        0.0000000000000000        0.0000000000000000       0.41492417920380831        0.0000000000000000        0.0000000000000000        0.0000000000000000        0.0000000000000000     
   0.0000000000000000       0.33129312284290791        0.0000000000000000        0.0000000000000000       7.74625390768051147E-002   0.0000000000000000        0.0000000000000000        0.0000000000000000     
  0.40966569539159536        0.0000000000000000        0.0000000000000000        0.0000000000000000        0.0000000000000000        0.0000000000000000        0.0000000000000000        0.0000000000000000     

D(8,3)
   0.0000000000000000        0.0000000000000000        0.0000000000000000     
  0.56079538213089108       0.20717754075303674        0.0000000000000000     
   0.0000000000000000        0.0000000000000000       0.93317538173869252     
  0.94247916433960199       0.19379387702792883        0.0000000000000000     
  0.68177247745916247        0.0000000000000000       0.55091228801757097     
   0.0000000000000000       0.67978375917300582       0.80405469564720988     
   0.0000000000000000        0.0000000000000000       0.10744897276163101     
  0.27342410013079643       0.58836574293673038        0.0000000000000000     

E(15,8)
  0.74039250845089555        0.0000000000000000       0.26739976881071925        0.0000000000000000       0.50298188393935561       0.47039186349138618       0.36824773438274860       0.66892711864784360     
  0.56103316973894835        0.0000000000000000       7.73687064647674561E-002   0.0000000000000000       0.75116067565977573        0.0000000000000000       0.14587742509320378       0.29296159837394953     
   0.0000000000000000       0.69204960623756051        0.0000000000000000        0.0000000000000000       0.99401472182944417       0.18709417246282101       0.67683792579919100       0.82238993747159839     
  0.76611549546942115        0.0000000000000000       0.14941003406420350       0.24352242145687342       0.18287624139338732       0.25571879046037793        0.0000000000000000        0.0000000000000000     
   0.0000000000000000        0.0000000000000000       0.32018390577286482        0.0000000000000000        0.0000000000000000       0.44350660685449839        0.0000000000000000        0.0000000000000000     
  0.78306589089334011       0.70065794046968222        0.0000000000000000       0.21261148853227496        0.0000000000000000        0.0000000000000000        0.0000000000000000       1.79845504462718964E-002
   0.0000000000000000        0.0000000000000000        0.0000000000000000        0.0000000000000000        0.0000000000000000        0.0000000000000000        0.0000000000000000        0.0000000000000000     
  0.14388314681127667       0.88706119870766997        0.0000000000000000       0.10992341861128807       0.30219173757359385       0.72340781940147281       0.52619793592020869       0.87107013771310449     
   0.0000000000000000        0.0000000000000000       0.20260545751079917        0.0000000000000000        0.0000000000000000       0.87619100883603096        0.0000000000000000       0.31810243334621191     
  0.16471924725919962       0.69797694869339466        0.0000000000000000        0.0000000000000000       0.37854864448308945        0.0000000000000000       0.40036256611347198        0.0000000000000000     
   0.0000000000000000       0.67989911558106542        0.0000000000000000        0.0000000000000000        0.0000000000000000       3.73320863582193851E-002  2.91080260649323463E-003  0.57244732743129134     
   0.0000000000000000       0.36159398127347231        0.0000000000000000       0.69814807781949639        0.0000000000000000       0.42934664245694876        0.0000000000000000        0.0000000000000000     
  0.31774142337962985        0.0000000000000000        0.0000000000000000        0.0000000000000000       0.71531985932961106        0.0000000000000000       0.30681814532727003       0.57386581040918827     
   0.0000000000000000        0.0000000000000000       0.44988587312400341       0.41509064938873053       0.95241537224501371       0.31572330510243773       0.79026939114555717       0.34920182498171926     
  0.50265956297516823        0.0000000000000000       0.77075743721798062        0.0000000000000000        0.0000000000000000        0.0000000000000000       0.95779503695666790        0.0000000000000000     

# alpha=9.81

# beta=0.123

# alpha * A + beta * B
  2.83727547987364243E-002   0.0000000000000000        1.9454826544350945        6.9756469780923807        0.0000000000000000        3.8064957793978977        4.6944229987836446        7.5291446361173886     
   2.1032406080681829       0.79218358297599489       2.48875463716685778E-002   0.0000000000000000       0.11746348802838474       6.36192649556323840E-003   0.0000000000000000        0.0000000000000000     
   4.4007886922545731        9.2544545059651142        8.7590450484864419       8.23108366071246544E-002  0.65212831699429075       7.32910883473232438E-002   3.2985220411196354        4.7943201610213153     
   5.8520105022783389       2.51840004511177549E-003  1.60476989666931344E-002  2.51239997064694742E-002   5.3312941715251654        4.5317524905502795        5.5563312517111187        0.0000000000000000     
   0.0000000000000000        0.0000000000000000        0.0000000000000000        6.9870427312091925       3.66631212509237192E-002   6.2150643745302228       8.84529132619500114E-002   2.7742773960116320     
   6.7154876250643287        1.3718691992782990        4.6356381193902347        0.0000000000000000       0.33482366132363678        2.8238235105481002        1.1818946714499035        2.4210812290068717     
  8.31845507207326640E-002   0.0000000000000000        6.1325171738583597        4.0118303604768588        3.1697437075716444       6.02727094274014205E-002   0.0000000000000000        0.0000000000000000     
  0.11939507068041712        2.0236497123325243       7.84496014011092507E-002  0.68421205734601254        0.0000000000000000        3.2294998104823756       1.41721779936924575E-002   3.2547289640964014     

# alpha * A' + beta * B
  2.83727547987364243E-002   2.0769641598640010        4.4143846836299634        5.8522088358616458        0.0000000000000000        6.7700177366416909       6.48553794636391040E-002  5.98109722738154256E-002
  2.62764482041820888E-002  0.79218358297599489        9.2793420523367836        0.0000000000000000       0.11746348802838474        1.2682523367223331        0.0000000000000000        1.9807182364817710     
   1.9318866630597040        0.0000000000000000        8.7590450484864419       8.23108366071246544E-002  7.22540383832529203E-003   4.6034695861022925        6.1409912031898282       9.43604660499840903E-002
   6.9754486445090738       2.51840004511177549E-003  1.60476989666931344E-002  2.51239997064694742E-002   6.9864035440552978        0.0000000000000000        4.1190976082864212       0.62413317832164472     
   0.0000000000000000        0.0000000000000000       0.64490291315596548        5.3319333586790600       3.66631212509237192E-002  0.37243639264767986        3.1862896852511913       1.08305166712962097E-002
   3.7519656678205360       0.10997878905152902       0.10545962163526565        4.5317524905502795        6.1774516432061795        2.8238235105481002       8.53939280239865255E-003   3.3157051141988489     
   4.7127521700407380        0.0000000000000000        3.2900480117881674        5.4490640039015563       7.19069355824030892E-002   1.2336279880749061        0.0000000000000000        0.0000000000000000     
   7.5887287345239898       4.29314758507534852E-002   4.7784092963724403       6.00788790243677803E-002   2.7634468793403357        2.3348759252903983       1.41721779936924575E-002   3.2547289640964014     

# alpha * A + beta * B'
  2.83727547987364243E-002  2.62764482041820888E-002   1.9318866630597040        6.9754486445090738        0.0000000000000000        3.7519656678205360        4.7127521700407380        7.5887287345239898     
   2.0769641598640010       0.79218358297599489        0.0000000000000000       2.51840004511177549E-003   0.0000000000000000       0.10997878905152902        0.0000000000000000       4.29314758507534852E-002
   4.4143846836299634        9.2793420523367836        8.7590450484864419       1.60476989666931344E-002  0.64490291315596548       0.10545962163526565        3.2900480117881674        4.7784092963724403     
   5.8522088358616458        0.0000000000000000       8.23108366071246544E-002  2.51239997064694742E-002   5.3319333586790600        4.5317524905502795        5.4490640039015563       6.00788790243677803E-002
   0.0000000000000000       0.11746348802838474       7.22540383832529203E-003   6.9864035440552978       3.66631212509237192E-002   6.1774516432061795       7.19069355824030892E-002   2.7634468793403357     
   6.7700177366416909        1.2682523367223331        4.6034695861022925        0.0000000000000000       0.37243639264767986        2.8238235105481002        1.2336279880749061        2.3348759252903983     
  6.48553794636391040E-002   0.0000000000000000        6.1409912031898282        4.1190976082864212        3.1862896852511913       8.53939280239865255E-003   0.0000000000000000       1.41721779936924575E-002
  5.98109722738154256E-002   1.9807182364817710       9.43604660499840903E-002  0.62413317832164472       1.08305166712962097E-002   3.3157051141988489        0.0000000000000000        3.2547289640964014     

# alpha * A' + beta * B'
  2.83727547987364243E-002   2.1032406080681829        4.4007886922545731        5.8520105022783389        0.0000000000000000        6.7154876250643287       8.31845507207326640E-002  0.11939507068041712     
   0.0000000000000000       0.79218358297599489        9.2544545059651142       2.51840004511177549E-003   0.0000000000000000        1.3718691992782990        0.0000000000000000        2.0236497123325243     
   1.9454826544350945       2.48875463716685778E-002   8.7590450484864419       1.60476989666931344E-002   0.0000000000000000        4.6356381193902347        6.1325171738583597       7.84496014011092507E-002
   6.9756469780923807        0.0000000000000000       8.23108366071246544E-002  2.51239997064694742E-002   6.9870427312091925        0.0000000000000000        4.0118303604768588       0.68421205734601254     
   0.0000000000000000       0.11746348802838474       0.65212831699429075        5.3312941715251654       3.66631212509237192E-002  0.33482366132363678        3.1697437075716444        0.0000000000000000     
   3.8064957793978977       6.36192649556323840E-003  7.32910883473232438E-002   4.5317524905502795        6.2150643745302228        2.8238235105481002       6.02727094274014205E-002   3.2294998104823756     
   4.6944229987836446        0.0000000000000000        3.2985220411196354        5.5563312517111187       8.84529132619500114E-002   1.1818946714499035        0.0000000000000000       1.41721779936924575E-002
   7.5291446361173886        0.0000000000000000        4.7943201610213153        0.0000000000000000        2.7742773960116320        2.4210812290068717        0.0000000000000000        3.2547289640964014     

# A * B
   1.4617012125272955       0.61871517375843188       0.90232420427065096       0.65365431160368881       0.89985130601900010       0.34859622253143507       0.75187544490005331       0.55948610240062346     
  6.46313910358644605E-002  4.02309904263107448E-002  3.83614421964915200E-002  8.61934351613149047E-002  7.06018698508637937E-002  0.16322109045568448       0.11163513149876780       0.10295222709474662     
  0.99688378264819777       0.68058540666448653       0.54603624593976019        1.0728772105027609        1.1690158274954532        1.1081055090764891       0.40052993215158272       0.99893068891427728     
  0.65497557984455856       0.41304844997386975       0.46145269650117499       0.69060020044281822       0.51937743868580033       0.92177413446229073       0.72729962834763817       0.65830693192054879     
  0.75264492904112223       0.67486872181429758       0.81030832127558461       0.28094703231513318       0.62836795786996458        0.0000000000000000       0.69673025645414544       0.49358892982967678     
  0.58551831967745349       0.41045213174927581       0.49987226532214979       0.73141113873888686       0.25210804540381926       0.86560039033790392       0.46197364584370104       0.93464515454512231     
  0.16576830974388282       8.37009654276509724E-003  5.33357636731187287E-002  0.76426387392107242       0.46845498289514031       0.49355314839751663       0.63166222552332774       0.50737869221616405     
  0.49059921446303978       0.52051076870629398       0.54151802850004349       0.17389967254905320       0.27090023814903919       1.04432873614270089E-002  0.11707306669382400       0.29262794571831202     

# A' * B
  0.49575668019711749       0.73593875839924516       0.70361175752641802       0.42101175386452344       0.76979309141053553       0.27825604051026831       0.60118740860031161       0.82120370131070730     
  0.25160074834091450       0.22571977851308259       0.25402544403888083       0.72991822185716448       0.13599717128914970       0.56594235740743304       9.71875290847763196E-002  0.85180828700215949     
  0.61114129138605944       0.41290498775131262       0.41770619388101299       0.68531194743625634       0.45373015067009359       0.98661744980578714       0.19741148564789091        1.1043824584646558     
  0.50107597043645025       2.22064414715113234E-002  0.11861384064228613       0.90671951520838856       0.44818173924953963        1.0008820261741700       0.88427166176354410       0.41704354685662165     
  0.43999933125408563       4.05630682090454692E-002  9.79828035363828204E-002  0.15674124939110021       0.63130310562488456       0.19391251004465887       0.47825596120809583       7.36715955151489577E-002
  0.68330738052282669       0.38174141947878959       0.55888763199228531       0.93179038312449392       0.59124232887437922       0.52606302069231825        1.1181856544025803       0.50305933446207574     
  0.37105988115754895       0.11831574843713942       0.22716656351105768       0.52998504254571155       0.48757811654831529       0.55513609875369352       0.77130731052188950       0.57059649801612156     
  0.56907289316478593       0.32779298715503002       0.49833592737114107        1.0255917494310043       0.13057417494536941       0.96670757011740038       0.69153464284364508       0.99130668706206382     

# A * B'
   1.2132810805319265       5.94278533256290542E-002   1.3146414123540127       0.58722045170462445        1.1382468252128675       0.73524270902136091       0.19413804854524133       0.66788423760638804     
  4.88378333321605601E-002  8.54604652185908809E-002   0.0000000000000000       8.73657386776613559E-002   0.0000000000000000       0.13163807730621230       0.14318501156224434       0.23131806222764481     
  0.61198285363728910       0.85263862548061709       0.39451201658464580       0.66858232193099953       0.30296070621919580        2.1120648601808663       0.34182029488350812        1.4628698837788026     
  0.77702432983547376       0.65934936309225156       0.34483368590232205        1.1711546317445216       0.73533992769219281       0.26298452908438075       0.93801885971650323       0.63809951012316868     
  0.89605658849549563       3.25201501484986208E-002   1.0603984782534224       0.14335324569110203       0.84908365608259739       0.19742901928335441       0.31666859854557755       0.39573457201987050     
  0.60357652653315108       0.35540385689819898       0.36429926191698342       0.47205051883776461       0.22720854820328951       0.89933447002569245       0.62077624681849797        1.0586607627325002     
  0.23552708689884141       0.42805666867217135       0.29211651793318594       0.42585033618108253       0.43385733229417228       0.56048002793438267       0.18960402271380997       0.59838519159267078     
  0.43393696677247329       0.12690172512741862       0.49145407460221913       1.71294951103986084E-002  0.20808664980691968       0.41140978898402714       0.16209486877952964       0.16345194879897332     

# A' * B'
  0.80283404685843007       0.24118891083879906       0.80138359415205696       0.18367351413285560       0.75247172450948374       0.57393526896164682       0.34077074462159829       0.64890891464838674     
  0.29930237822315914       0.23776355608191591       0.23154307239890659       0.12459425702066014       6.70927362216040546E-002   1.0164522247342638       6.30330374885610945E-002  0.66542804752858675     
  0.82140879871399308       0.24661654547663908       0.31823246804331962       0.74915361699000571       0.62658615561835074       0.86989913868960289       0.35947163286131129       0.83265993910974034     
  0.40933749478251302       0.82104284649629633       0.11819925694990030        1.2273690384052531       0.50877568956088193       0.34593955036303164       0.88773462933644831       0.74433761927953512     
  0.41576837034866498       1.50165918039651021E-002  0.39826097421412632       0.39671798973020755       0.68283054848593194       7.82881763644526496E-002  2.27607725190746187E-002  0.33870439870860169     
  0.65219210517180037       0.69620104179471198       0.77014178625210339       0.76711374922596098       0.71065383407707439       0.39668541523880113       0.77029654827275373       0.65498771237744946     
  0.46205305473126429       0.17486273029110105       0.44287795041663880       0.34854822845701250       0.50733826056490328       0.43362841218007547       0.38455479846480856       0.94323354325158415     
  0.56796961945671320       0.54092509090006047       0.41108655300889285       0.60389355219781315       0.20421897094547567       0.89918797204847789       0.79624529469866756        1.1065572972072324     

# inv (A) * B
   1.0996735294476894        2.6675012133529998        1.2363349971772091      -0.43480143179696135        3.9176271389783692       0.10100388822587650      -0.13794390911965287       0.11387024898062066     
 -0.25960106906214536      -0.27838969265714214      -0.80370950159137688        1.2451811534836095        1.6982545687671864       0.41037047318491032       0.39504275587081450      -0.32610078441362195     
  -1.5577186793892850       -1.5553699481002023      -0.47427859548222673      -0.16840932920265506       -4.0244659146524855      -2.95290818293586915E-002 -0.16298810825384646       0.88957010609700882     
 -0.46494784888700613       0.50752564943585332      -0.86333420374461900       0.41352526388022948        3.3279010683129489        1.0594220911755776       0.51730844073612992      -0.50333965450947094     
   5.8272292204239200        2.4220090579066111        2.0565237026264045      -0.16326119882751833        5.5100220422235653       0.23873881549582054      -0.34703217190644930       -1.1094022121937779     
  -1.6527505818589532       -1.9443189924520121      -0.36067730822455951        1.0386001330367332       -4.5020796780240886      -0.66717186086922553        1.0192140385907611       0.56714550745372405     
  -4.6603223142643477       -3.5119542855055830       -2.7560978382491932       0.12366986151584025       -4.2298886412332655       0.21824144456779782        1.2246731068636665       0.47195501809612206     
   4.8472438230148454        3.0752026543219584        2.9559205853460093      -0.39823729927045415        2.8155107070060290       0.21060136310871080       -1.0108169205853428       0.30074851998956098     

# inv (A)' * B
   1.2960783375102118      -0.75311246793663011      -7.28870360451802091E-002  0.71755356655402736      -8.55534861216703246E-002  0.21146356443671410       0.60943015063609174      -0.57022795450573771     
   1.3780008136339652       -2.3944244637949454      -0.95408707601689091        4.8059909854611789        2.2727791145836562       0.14752122972556458        7.9739839007622830       -3.8517229662773804     
  1.08200292909877982E-002  0.52352158440824026      -0.17822037724630085       -1.1113299537801409        1.5153655253278262       0.14807871830051772      -0.81585327792711926       5.60224064800508847E-002
  0.16085004740243269       0.29248747191711111       5.58305364994449715E-002  0.14612396362554886       0.71065593915525560       0.49943101991100758       0.27849538341917729       5.75741410376973684E-002
 -0.64021205861837993        1.0530916081296464       0.15730769754306806       -2.3005800280250810        1.6077905988622718      -0.30354654886675503      -0.75311753794283387       0.58755098803689831     
 -0.23662576047638773       0.14559144175731414       0.52809988221106241      -0.29131067823083734       -2.3231454480842850       0.52862419218989665       -1.4099074391819775        1.8254946627387585     
 -0.24895040700174487      -0.61804579107562496      -0.11260252613704336        2.6469452899834609      -0.32732752897851303       0.28456462331515309        2.1250219346620485      -2.17008988023961180E-002
  0.65368959156759088        1.0331254477456207        1.8477201178868528        3.6182895829002151       -1.7025282855190307      -0.82648849091891219        1.7904101334956968      -1.44245264679460083E-002

# A * inv (B)
  -2.6644093306346237       -2.6752727213804528       0.80554646231164995       0.30235853137267910        2.1647366914073745        2.1322520345848872        2.4754431842834759       -1.3089927456474926     
   6.1126033380106541        5.4594938993005311       4.99811589191370698E-003  0.23378121608044575       -4.8493642332833833       -4.4968311358913375       -6.1798449032068827        3.2059072987978299     
   3.5170251281009945        2.8924447181064110      -0.50669793079078496       6.43873466844885334E-002  -2.2835686313220434       -1.3718960739318020       -3.3061740943629943        1.7038450593082641     
   5.2548439089822043        4.1776309219623631      -0.31174952263038808       0.53135754068792040       -3.7385999166100086       -3.4496843296133468       -4.2678076739342696        2.2926763085292561     
  -4.1604338445373088       -3.6698885559511849       0.25593642037424452      -0.77449293648140949        4.0144080930877530        3.0584160822233599        4.6106444897086662       -2.0677074982870085     
  -5.7644117290021066       -5.7630133832124315      -0.21335385098693627      -0.14271834542681833        4.5795432279421853        4.7488926522165871        6.7287993364428882       -2.8033993693675030     
  -34.298214747572359       -30.294745801803810      -0.12974482126141551       -1.3739931239486334        27.132887185780543        25.050069344439098        34.823819856199187       -16.858599309280816     
   6.5223294110630672        5.6945198223075923       0.15026426238719592       4.48997604965303831E-002  -4.9027579915729849       -4.3997029499276330       -6.2972099336591238        2.9684065418486325     

# A * inv (B)'
  -5.1466589620292575       -12.473798238088408        16.863310901273284       0.26791676997508590        4.5433878862049619        2.6390949963256629       -3.3457449446440251       -2.0742589085495688     
   4.7260631954502816        9.4302573968569803       -13.256457403624047      -0.33436137175208841       -3.4124006432428766       -2.4431912469741293        2.8343904679302736        2.1960783280060849     
   19.817021484727309        38.493965198674118       -55.129980392407205      -0.23128780449779363       -13.102211215763015       -11.028727192255225        10.444850332768118        9.9970532076965313     
  -12.780638141194473       -23.982550186806328        35.652322129576177       0.28341835671284765        8.5043093736844853        8.6193189428946226       -6.8517856305096991       -6.9778428714475762     
  -4.7600431250612960       -10.176791383011043        14.244542958937469      -0.11310659759064162        3.7308980933008273        2.1212677522528054       -2.3477542416036834       -1.6237990026602951     
   9.6602554761183796        18.783718423226066       -26.633139796313799      -0.57982370649555304       -6.8194554397267151       -4.9381358392401413        5.5673324919200393        4.9654598785122088     
  -3.8889015160447036       -8.2416321067008322        10.647418422511230       0.61058490085605499        3.2291270922093909        1.4995579653893918       -2.2912226401648890      -0.92397763913601105     
   1.9421824240980592        3.8104557276853903       -4.9852594415255025       1.96052251298514182E-002  -1.2752970212074173       -1.1595020575066317        1.0151064662477622       0.88999072165792192     

# alpha * A * B + beta * C
   14.339288894892769        6.0695958545702169        8.8518004438950868        6.4123487968321875        8.8275413120463906        3.4197289430333786        7.3758981144695230        5.5145869005299604     
  0.63403394606183039       0.39466601608210844       0.37632574794758183       0.84555759893249915       0.69260434323697384        1.6011988973702647        1.1671679442159404        1.0099613477994642     
   9.8042499010624198        6.6983084827410337        5.3629928361642811        10.524925435032085        11.468045267730396        10.870515044040358        3.9748063533525069        9.8229202611341080     
   6.4253104382751189        4.0520052942436626        4.5268509526765266        6.7747879663440465        5.1839138712768413        9.0426042590750733        7.1348093540903301        6.4579910021405844     
   7.4334194553307142        6.6204621609982590        7.9491246317134863        2.7560903870114561        6.1642896667043532        0.0000000000000000        6.8349238158151673        4.8421074016291286     
   5.7439347160358185        4.0265354124603965        4.9037469228102895        7.2261789450705498        2.4731799254114670        8.4915398292148385        4.5319614657267087        9.1688689660876506     
   1.6261871185874905       0.12285970119420325       0.52322384163329472        7.4974286031657202        4.6050712745077726        4.8417563857796377        6.1966064323838452        4.9773849706405695     
   4.8631671744155867        5.1062106410087447        5.3122918595854269        1.7059557877062119        2.6575313362420747       0.10244864901559896        1.1484867842664137        2.8706801474966412     

# alpha * A * B + beta * C'
   14.339288894892769        6.0695958545702169        8.8766204371786870        6.4123487968321875        8.8775140134836956        3.4197289430333786        7.3758981144695230        5.5389475450832828     
  0.63403394606183039       0.39466601608210844       0.39809139131000337       0.84555759893249915       0.69260434323697384        1.6011988973702647        1.1358896941125898        1.0099613477994642     
   9.7794299077788196        6.6765428393786124        5.3629928361642811        10.524925435032085        11.468045267730396        10.870515044040358        3.9291986344070260        9.7995100582490622     
   6.4253104382751189        4.0520052942436626        4.5268509526765266        6.7747879663440465        5.0950926735077022        9.0936399331171422        7.1348093540903301        6.4579910021405844     
   7.3834467538934083        6.6204621609982590        7.9491246317134863        2.8449115847805952        6.1642896667043532        0.0000000000000000        6.8444517081216141        4.8421074016291286     
   5.7439347160358185        4.0265354124603965        4.9037469228102895        7.1751432710284817        2.4731799254114670        8.4915398292148385        4.5319614657267087        9.1688689660876506     
   1.6261871185874905       0.15413795129755398       0.56883156057877560        7.4974286031657202        4.5955433822013259        4.8417563857796377        6.1966064323838452        4.9773849706405695     
   4.8388065298622642        5.1062106410087447        5.3357020624704736        1.7059557877062119        2.6575313362420747       0.10244864901559896        1.1484867842664137        2.8706801474966412     

#  alpha * inv (A) * B + beta * C
   10.787797323881831        26.168186902992929        12.128446322308422       -4.2654020459281909        38.431922233377790       0.99084814349584815       -1.3532297484637947        1.1430953784797326     
  -2.5466864874996453       -2.7310028849665651       -7.8843902106114072        12.215227115674210        16.659877319606096        4.0257343419439682        3.9473967393057188       -3.1990486950976300     
  -15.256400251525289       -15.236413547500568       -4.6462957581854125       -1.6520955194780464       -39.480010622740892      -0.28968029274600848       -1.5533056230247533        8.7500929436967034     
  -4.5611383975815292        4.9788266209657195       -8.4693085387347118        4.0566828386650524        32.735530677919165        10.392930714432417        5.0747958036214333       -4.9377620107379094     
   57.215091353795970        23.759908858063859        20.174497522765030       -1.6015923604979534        54.053316234213177        2.3420277800140017       -3.4043856064022675       -10.883235701620961     
  -16.213483208036333       -19.073769315954234       -3.5382443936829278        10.239702979132421       -44.165401641416310       -6.5449559551271026        9.9984897185753656        5.5636974281210341     
  -45.717761902933255       -34.411522486700093       -27.037319793224590        1.2132013414703913       -41.485679678191893        2.1409485712100977        12.014043178332569        4.6298787275229589     
   47.601850784308795        30.167738038898417        28.997580942244351       -3.9067079058431595        27.620160035729143        2.0659993720964520       -9.9161139909422111        2.9503429810975930     

#  alpha * A * inv (B) + beta * C'
  -26.137855533525666       -26.244425396742244        7.9272307885608866        2.9661371927659799        21.286039644143642        20.917392459277728        24.284097637820906       -12.790829954268734     
   59.964638745884521        53.557635152138218       7.07971602620949270E-002   2.2933937297491731       -47.572263128509995       -44.113913443094020       -60.583529446349850        31.449950601206712     
   34.502016506670813        28.374882684623955       -4.9643294375623661       0.63163987097483343       -22.401808273269260       -13.458300485270961       -32.433567865701022        16.714720031814075     
   51.550018747115431        40.982559344450792       -3.0582628170041057        5.2126174741484990       -36.675665181944183       -33.790367599464858       -41.867193281295201        22.491154586672000     
  -40.813856014910996       -36.001606733881118        2.5107362838713385       -7.5089545091134875        39.381343393190861        30.003061766611154        45.239950336348450       -20.284210558195550     
  -56.548879061510661       -56.535161289313962       -2.0930012781818452       -1.4000669686370895        44.925319066112820        46.586636918244743        66.009521490504710       -27.501347813495194     
  -336.46548667368489       -297.11942901148245       -1.2271889776290055       -13.478872545936094        266.17362329250716        245.74118026894755        341.62167278931400       -165.38285922404484     
   64.010079758508539        55.863239456837491        1.4975026169034393       0.44046665047096312       -48.096055897330977       -43.161085938790080       -61.775629449196003        29.120068175535089     

# E * D
  0.52582000059978451       0.71333855038233485       0.94441840926491460     
  0.59222343622274065       0.17236856847922083       0.50169659816181633     
   1.2906513315258596       0.75442678191971257       0.77077441247640466     
  0.35419479643581997       0.22102663486768667       0.44578642837843063     
   0.0000000000000000       0.30148858842561532       0.65539130828809911     
  0.59822504503166474       0.19694488706364882        0.0000000000000000     
   0.0000000000000000        0.0000000000000000        0.0000000000000000     
   1.0452579337651258        1.2093503587279923       0.80468002330825383     
  8.69768715871046399E-002  0.78278099226587128       0.89357192009345909     
  0.64950629684910921       0.14460514773260599       0.25156564631923201     
  0.53780517970791863       0.50304596982486893       3.03298020846130209E-002
  0.86077025187310552       0.50207384912926711       0.34521818392787340     
  0.64459413547785105       0.33764298388739095       0.42704579490772704     
   1.1360250710264053       0.50052399265437508        1.2832921935343653     
   0.0000000000000000        0.0000000000000000       0.82216595854100771     

# E * A * D
   1.6791270042557842        1.6331147776677979        1.6775416185936047     
   1.2640697185585148        1.2068822304695606       0.94014703637247787     
   1.4156430854313360        1.2447841458118618        1.3625342900574045     
   1.0389775753758910        1.0189818533548527       0.99442344857203202     
  0.29656437807742325       0.31354408171273151       0.59748433812762614     
  0.79510327777470979       0.74543991836668422       0.58083780782665351     
   0.0000000000000000        0.0000000000000000        0.0000000000000000     
   1.0865367342934469        1.1043877591432136        1.4407341762433978     
  0.36658539027077053       0.56427998991716843       0.87529027481197785     
  0.69282381363270551       0.45714677516682717       0.58333909669804684     
  0.18660710614870626       0.29423459632857152       0.17962030881565516     
  0.33735412486391542       0.38035575245490799       0.80376530826468062     
   1.1411509475435988        1.0842024333877534       0.91710860370876879     
   1.7883100214976004        1.3813078588441261        2.0995675363815014     
   1.5575989741031977       0.86709925121253950        1.6941209742735805     

# D' * inv (B) * D
   2.5864401626444637       0.11669630684604293       -12.604598607174335     
  0.38372865408110812      -9.68471436060736046E-002  -5.2083292766485103     
  -8.2496085077352035       0.63022381329457744        65.384154080798240     

# E * inv (A) * E'
   1.7980308376856380       7.26446871280684858E-002   2.9803041631250644       0.37732988927596312      -4.31048757421597928E-002   2.4080691355450621        0.0000000000000000        4.8790975421985330        1.0421644641757215        1.6441300833998542        3.1032931816537088        1.3875891382745813       0.86869030479289955       0.17350478691434179       0.68969169724541834     
   1.6209295026280559      -6.07128228695846817E-002   5.6192627446068419      -8.33393292993388213E-002 -0.63236643096694167        4.6846510274976580        0.0000000000000000        7.7864451016960956       0.16811888563433930        4.0887063153272987        5.6408524690633381        2.0988056293952835        1.0991360597963560       0.13959754662979296        1.3474443138490027     
   1.8908773413454898       0.27953858290642231        5.0528862594569084      -4.99339276610863969E-002  -1.0320141917094794        4.1477215000952574        0.0000000000000000        6.5244255235507431      -0.59658887429682528        3.0846668979572849        5.3920197823262006        1.4303340373902385        1.6093548999499587       0.28715672275799320        1.8470841096654420     
